9.999999093779610160e-01
1.696397824813652422e-01
8.551089104858056178e-02
6.464449289333573656e-02
6.028589905948666949e-02
6.511230975617743333e-02
6.839180149115364760e-02
7.430289434249748304e-02
2.227762163939983608e-02
8.091860209478396460e-02
6.644843888565388212e-02
1.370168604429783388e-01
1.001726286384522213e-01
1.206568656537172490e-01
6.853765460657945674e-02
1.005463279155155432e-01
1.183066685902705029e-01
2.983715534331266017e-02
4.911144828509494964e-02
1.023181942267908928e-01
3.346336867725563380e-02
6.922959405126027921e-02
8.667235141090323669e-02
3.537628257834479761e-02
1.315139858369607229e-02
3.905191452123135676e-02
6.398562575715549539e-02
4.616449348244677786e-03
7.434693356015265042e-02
8.967002585684991089e-02
5.417521124798962973e-02
1.453166764235642727e-01
8.019651044812325935e-02
8.955321627334933421e-02
1.718855597021600179e-01
1.129930970504999799e-01
6.622969373161557982e-02
8.884334036565599835e-02
3.421331703513696976e-02
1.397234611392809134e-01
7.789035399876220733e-02
6.185389818415054641e-02
3.616466341832047515e-02
6.513461832994593692e-02
4.359671565612444066e-02
6.323415571993840079e-02
1.456427462458964595e-02
1.477128002493134362e-01
8.740855438234640395e-02
1.991820218108513174e-01
1.696397824813652422e-01
9.999999686893016326e-01
1.020907325644017094e-01
4.611859521837191611e-02
2.981205467778824669e-02
5.661136169985092614e-02
5.196451347329844594e-02
7.868809372848251105e-02
5.106397339601287388e-02
2.758075754789734990e-02
7.884594060031557827e-02
4.565006050176123598e-02
1.523903061313275353e-01
4.127718450821005192e-02
1.021734596423007346e-02
4.551096177159574818e-02
7.683259767018313369e-02
7.107017941278659379e-03
2.832824776986153648e-02
1.544186153399030870e-01
5.214176347570176340e-02
3.452195475159480775e-02
5.365158006953452130e-02
9.481924819432574481e-02
5.145900622218313458e-02
6.541929557927361749e-02
8.415253020659918537e-02
4.476920931384187341e-02
9.640460241585835366e-02
1.905083850127786693e-02
1.841617512859631267e-01
4.174845865523191257e-02
1.060920056344840656e-01
2.629542291030739776e-02
5.397232319004718892e-02
9.296887640588524793e-02
3.475829672910613066e-02
6.170371490312198670e-02
7.326039233993497657e-02
9.060355728276869858e-02
4.111677583010642234e-02
2.680423775715219392e-01
3.119781985453984330e-02
5.353857638804104813e-02
1.045270773234959760e-01
9.866590954870113617e-02
3.207285595089381935e-02
6.044802391189030288e-02
2.473059799601686759e-01
1.665437456941262218e-01
8.551089104858056178e-02
1.020907325644017094e-01
nan
1.149339257768385858e-01
7.453059233231329461e-02
4.868460277925290569e-02
3.303174023970179007e-02
4.546477154797131659e-01
1.728800286409796216e-01
1.001425622528447912e-01
1.533983331888946200e-01
9.054249925210478001e-02
5.583369976051633099e-02
1.907577557942297108e-02
2.552701566412122203e-01
5.847860149119576967e-02
1.145487022746682904e-01
6.191109698147867491e-02
2.842900444662637138e-01
6.963864126688190659e-02
1.666506278600508040e-01
1.600096835212883040e-01
6.052439897759209764e-02
1.724316577336605372e-01
7.678988869663327943e-02
1.758840904400982286e-02
5.746926609533320462e-02
1.121984149080618165e-01
2.039098684463125366e-02
9.371673151286108450e-02
4.066343505322744800e-02
1.027048338534171101e-01
7.747661539658745600e-02
2.493281970582894580e-02
1.144790750795957601e-01
1.120227126707018517e-02
1.081663649009005912e-01
4.998889883752832830e-02
1.091600075557386251e-01
8.996884694951445827e-02
6.149058975652710313e-02
7.223949160627374244e-02
1.100439250870340890e-01
4.513862959752990012e-02
1.090230806943247588e-01
2.996405407554270095e-02
5.952337221674941503e-02
4.511094640268509259e-02
9.780504006050028121e-02
7.285480940042921016e-02
6.464449289333573656e-02
4.611859521837191611e-02
1.149339257768385858e-01
9.999999537740007494e-01
8.637577995174738898e-02
5.730607659763986561e-02
4.486223406006328851e-02
9.033812591639500678e-02
2.760394657150855302e-02
6.766096188639258990e-02
1.018556079935770686e-01
5.729822014727192769e-02
5.119296559916397538e-02
1.454392273188620521e-02
1.719749321780172924e-01
7.035519634444742376e-02
1.236520641418904498e-01
6.292452569227502401e-02
2.402335255634189259e-01
6.525156416761679345e-02
5.889722583857825988e-02
9.159978054664974501e-02
1.475870001791227404e-01
3.961684506809848294e-02
1.317564949514976602e-01
3.150619759780526330e-02
7.915361181017932513e-02
1.184054432866571416e-01
3.578151117360206523e-02
6.654295530447706941e-02
1.401416495625736891e-01
1.621088661797387420e-02
3.980143503557687090e-02
3.454069521922176200e-02
1.640134875176757490e-02
6.958916357914457507e-02
1.391066171991192091e-01
1.004454337612713521e-01
1.889146611162311196e-01
9.114194467423730739e-02
2.267044736478018851e-02
8.725378669192018766e-02
2.928284344836096231e-02
6.825811202003206901e-03
6.823083836980914363e-02
2.752689688910292531e-02
1.721954877494979996e-02
6.449479605137176108e-02
3.207080018795227527e-02
4.283772618504855245e-02
6.028589905948666949e-02
2.981205467778824669e-02
7.453059233231329461e-02
8.637577995174738898e-02
nan
6.486904202362586691e-02
1.433958229206155899e-02
6.105095666841442448e-02
6.317905094699161062e-02
4.484419040552756197e-02
8.633490363140738921e-02
2.515065965126439540e-02
1.155367190737401906e-01
4.760893453547077048e-02
4.822284310052471490e-02
8.279253951391862820e-02
1.114543987101535016e-03
8.719654813417399009e-02
2.128962889784724588e-02
5.252713537945052913e-02
5.867905251066363181e-02
8.910659362017048224e-02
1.015055786225051992e-01
2.996070807086887999e-01
1.912967388247083234e-01
4.425941098432450982e-02
4.010006275807986853e-02
7.371692387940886881e-02
6.981351764720955533e-02
2.317518084309971860e-01
1.816746339206232186e-02
9.105977362766293215e-02
6.817715590929418479e-02
8.578469971296520669e-02
1.192284053826363488e-01
1.418431184848658599e-01
1.045652471383416993e-01
5.192263929764517894e-02
1.116893555701220508e-01
2.515298394003373517e-02
2.466959595507833836e-02
9.325695567595770896e-03
2.197967932955379178e-01
5.680245420413654323e-02
1.554046278631372457e-01
9.722111200191752012e-02
4.576462193696384517e-02
4.192660334879239059e-02
6.153749996577917436e-03
8.336490613833991148e-02
6.511230975617743333e-02
5.661136169985092614e-02
4.868460277925290569e-02
5.730607659763986561e-02
6.486904202362586691e-02
nan
1.851520800906669706e-01
5.753159412528041639e-02
7.723128228467046608e-02
8.067426446882786095e-02
8.825722243682865287e-02
6.824802600635115901e-02
4.042096894128421880e-02
8.313140148443065591e-02
1.868750758269794865e-01
3.230875808118116588e-02
7.072310262344538856e-02
7.362628335543730529e-02
1.244994622469073331e-01
1.407629537329427860e-01
4.668166766921766353e-02
7.242649199950834671e-02
1.326574188137380483e-01
5.034935768893267216e-02
4.258821469242113356e-02
3.607665844971930103e-02
1.998499762607304220e-01
1.422860911905995396e-01
6.247035853884230772e-02
2.242220782660753198e-02
8.474953046858468841e-02
1.612284786593739527e-01
1.618882393836086342e-01
6.010700204418895076e-02
1.422658333404295261e-01
4.755261023649948182e-02
8.529157322722091816e-02
1.366866220019208322e-01
4.783351625738896384e-02
3.507183517717560317e-02
8.202784725512757280e-02
6.045448862363167475e-02
9.264671902360777089e-02
2.866560344947444161e-02
4.235450965020226555e-02
4.196612085315520879e-02
2.321084705366960321e-02
1.076809154754007070e-01
5.190150704319629327e-02
4.303541795193954744e-02
6.839180149115364760e-02
5.196451347329844594e-02
3.303174023970179007e-02
4.486223406006328851e-02
1.433958229206155899e-02
1.851520800906669706e-01
nan
3.916496605944808085e-02
1.384321109991717424e-01
3.028935590115022780e-02
7.846272722255320797e-02
1.242696234575115799e-01
1.171189731915057708e-01
3.067654734938574101e-02
1.215863311480733788e-01
9.797983969753665257e-02
3.981970141829360710e-02
5.651695496832465082e-02
1.006118637127407789e-01
2.277742972242124964e-02
6.567808794367369085e-02
6.431139046161737927e-02
1.677739232923114443e-01
3.072132071336519665e-02
9.261896843419603620e-02
8.992884184424754235e-02
1.350250846049869669e-01
1.460425255851310888e-01
3.709867298860469731e-03
5.322728575441482146e-02
4.065014221447882381e-02
7.607313841167939739e-02
1.258314232360870921e-01
5.873898092819729300e-02
1.228374927160759134e-01
6.759433908721124151e-02
1.133548992698122371e-01
4.082657928083210930e-02
9.410850947847804182e-02
4.148937793266527230e-02
2.499643653484103778e-01
1.712197538044324396e-02
8.018185338366246029e-02
7.460149953001626866e-02
1.699978716197181328e-02
6.312982082979645693e-02
3.593377300990652223e-02
1.406725605708485372e-01
1.382828551639166959e-01
3.771074792015161048e-02
7.430289434249748304e-02
7.868809372848251105e-02
4.546477154797131659e-01
9.033812591639500678e-02
6.105095666841442448e-02
5.753159412528041639e-02
3.916496605944808085e-02
nan
1.301028903538425929e-01
7.819478123669820757e-02
1.582690052047582840e-01
6.534973553715850425e-02
4.319511654814889301e-02
4.702825203306892909e-02
2.078363597772957538e-01
8.857705462930920426e-02
1.970910637793413800e-01
1.053775521110317248e-01
2.080428492980482824e-01
1.749979596602635468e-02
7.486028731366811684e-02
1.605416539172832557e-01
5.682490790284955295e-02
1.339837665391907517e-01
3.203380184487325533e-02
4.350862088417517537e-02
4.487074522490386297e-02
4.957607378836015322e-02
2.376305569440395615e-02
7.250675046743115804e-02
7.120758516741887423e-02
6.038045725429463939e-02
8.486219840398656622e-02
4.160519815865637572e-02
1.198935956233941891e-01
2.456492768832962970e-02
5.990524874106173403e-02
7.418451355311195261e-02
1.283858408321637556e-01
3.147952621115535088e-02
1.018735863451630808e-01
3.463739692724043806e-02
1.105301720565975421e-01
2.733967074046761425e-02
9.211846323981731643e-02
8.590917717774559925e-02
6.102714455678226457e-02
1.038962528175189082e-01
1.260325233144347079e-01
4.474886815922252126e-02
2.227762163939983608e-02
5.106397339601287388e-02
1.728800286409796216e-01
2.760394657150855302e-02
6.317905094699161062e-02
7.723128228467046608e-02
1.384321109991717424e-01
1.301028903538425929e-01
nan
3.995895357080492261e-02
1.452831827812766097e-01
8.471281588104073723e-02
7.906966595600184444e-02
7.692009041494773935e-02
1.899406989827222558e-01
5.758984341224682169e-02
7.984598192854264198e-02
9.614501444792511453e-02
1.099717705909135645e-01
2.506270066840321498e-02
1.961985319553877227e-01
1.361755238128716794e-01
1.087724975588421072e-01
9.246776320248406567e-02
1.799611021275304701e-02
7.858746236359337445e-02
1.160555273934243958e-01
2.307080861933027416e-01
7.065886925484998748e-02
1.021186479243064715e-01
1.682103067207374458e-02
6.527734658150896596e-02
6.702393331114675501e-02
4.627471144004924319e-02
1.268519826471951051e-01
3.409913382467799625e-02
2.522327283158642963e-02
7.600505314521577294e-02
9.973095723479696861e-02
9.156101338380884247e-02
6.617927391144395877e-02
5.335203269182764441e-02
1.695877942017487428e-01
1.917238130263830831e-01
9.981031070381840564e-02
3.740868627425564252e-02
1.563312707729671569e-01
1.340255973584804083e-01
4.683411716253693680e-02
7.760531157168171212e-02
8.091860209478396460e-02
2.758075754789734990e-02
1.001425622528447912e-01
6.766096188639258990e-02
4.484419040552756197e-02
8.067426446882786095e-02
3.028935590115022780e-02
7.819478123669820757e-02
3.995895357080492261e-02
9.999999562848944645e-01
5.688616105666199907e-02
7.494395976318179997e-03
3.072035961552144201e-02
6.091920597495070755e-02
1.435779522694422550e-01
2.965030288739514130e-01
3.383829632821855338e-02
1.072161562880548091e-01
6.382390756290667877e-02
6.506739128300098596e-02
2.077104884753484537e-01
2.720800830849512408e-02
3.025427381235412660e-02
2.142354323553963269e-02
2.248664396447378477e-01
3.390279468216117476e-02
4.058809875755342578e-02
4.872797927198724288e-02
6.377041961845608675e-02
3.366616569802993730e-02
4.356131848717548216e-02
7.845029174108120174e-03
8.332864073734602695e-02
1.564883171441925347e-01
8.351727860347801791e-02
2.168411092545841079e-03
8.929938103424051032e-02
7.814225587251266703e-02
1.143037022063209118e-02
2.319948344424692666e-01
1.149190765262672054e-01
4.155336666429654269e-02
1.191935950370863750e-01
4.992386869712883701e-02
1.768647792886657300e-02
2.082713616478204521e-02
1.424867568005704355e-01
1.818478766364933774e-01
5.669158152208642054e-02
1.384066330170401482e-01
6.644843888565388212e-02
7.884594060031557827e-02
1.533983331888946200e-01
1.018556079935770686e-01
8.633490363140738921e-02
8.825722243682865287e-02
7.846272722255320797e-02
1.582690052047582840e-01
1.452831827812766097e-01
5.688616105666199907e-02
nan
2.793441904912608020e-02
5.818003401389049145e-03
2.517117452262807031e-02
2.241470130539732208e-01
8.871696868143419401e-02
1.822860443273200959e-01
8.077333956066468090e-02
1.429358822537626361e-01
1.669606601653728095e-02
3.810649066392512996e-02
1.549466169797829584e-01
3.443865636855258927e-02
1.053745428991516020e-01
1.104366394443656585e-02
8.032427516392204314e-02
2.085313211135941813e-02
2.512678529199385835e-02
7.543200585447051854e-02
7.466719470578631057e-02
1.295259309912637491e-01
2.108446458572459381e-01
2.139317325418710336e-02
4.486545047356405025e-02
2.167244488472285235e-01
7.801409113497181913e-02
6.601974519386499818e-02
5.641923157688155666e-02
3.458398020230024628e-02
4.534443855544179058e-02
5.108124508291533861e-02
5.497222433242143769e-02
1.252650348929352786e-01
2.121565392667756900e-02
1.081971526830580732e-01
2.031104391066052006e-02
4.651508973989970652e-02
9.739336600829473500e-02
2.498230626957975709e-02
8.224965719244825557e-02
1.370168604429783388e-01
4.565006050176123598e-02
9.054249925210478001e-02
5.729822014727192769e-02
2.515065965126439540e-02
6.824802600635115901e-02
1.242696234575115799e-01
6.534973553715850425e-02
8.471281588104073723e-02
7.494395976318179997e-03
2.793441904912608020e-02
nan
1.233439600036911887e-01
9.871095584145550550e-02
6.676694017989848184e-02
1.548435242086787511e-02
8.739019075851450769e-02
7.871729714594266625e-02
1.156060605420869969e-01
1.067198099479542694e-01
3.385324313068138746e-02
2.158270852521367855e-01
1.199048335131717158e-01
2.393702859261903626e-02
2.000561085261254313e-03
7.410049580394684199e-02
9.710707094217274626e-02
9.741321123649249181e-02
1.465217949268342590e-01
1.077719134894122854e-01
5.801911576339535692e-02
7.166349680977757153e-02
5.911122726743589517e-02
4.222515435153795238e-02
2.934846062325346949e-02
2.121856441750489264e-01
8.615646045350289217e-02
1.968626949498671896e-01
4.430489185107144845e-02
4.378153393186368092e-02
8.533724113138130285e-02
2.208223697232314375e-02
2.902443409223631754e-02
1.185032747784242613e-01
1.499870020086118139e-01
2.568009173539171908e-01
4.284836673213732183e-02
6.440748777736560182e-02
3.444571350998548720e-02
4.308669865907066576e-02
1.001726286384522213e-01
1.523903061313275353e-01
5.583369976051633099e-02
5.119296559916397538e-02
1.155367190737401906e-01
4.042096894128421880e-02
1.171189731915057708e-01
4.319511654814889301e-02
7.906966595600184444e-02
3.072035961552144201e-02
5.818003401389049145e-03
1.233439600036911887e-01
nan
8.786693357098551704e-02
3.082767722662749232e-02
8.662553406882722573e-02
2.649215104887592265e-02
1.112578225901450502e-02
2.891506072184246712e-02
4.693921485371943536e-02
1.605307533513492535e-01
1.567788576772710663e-02
3.992852834648519256e-02
3.683361535831575218e-02
1.754024977374625260e-01
5.240183713654644748e-03
3.986593210954003652e-02
3.181421289631225502e-02
1.576986148528075615e-01
1.533587543286861754e-01
6.811727364551933839e-02
8.129942380777499533e-02
3.163142725697909441e-02
5.339827852810952180e-02
6.292678278613594856e-02
1.956918110897428731e-01
8.035396330791200192e-02
5.200831369683966976e-02
7.423455452389438047e-02
1.135285806081965942e-01
8.719895856407899881e-02
7.773486327988388123e-02
1.119349523194870244e-01
9.058696945132549416e-02
6.659173666781992296e-02
1.865599412625366105e-01
7.877428889088566866e-02
1.527465082784519312e-01
1.082936363739444019e-01
3.889169588188767790e-02
1.206568656537172490e-01
4.127718450821005192e-02
1.907577557942297108e-02
1.454392273188620521e-02
4.760893453547077048e-02
8.313140148443065591e-02
3.067654734938574101e-02
4.702825203306892909e-02
7.692009041494773935e-02
6.091920597495070755e-02
2.517117452262807031e-02
9.871095584145550550e-02
8.786693357098551704e-02
nan
4.896528317746851044e-02
6.661214530927750399e-02
2.286765644446464574e-02
9.300335010503790745e-02
3.230451944049539392e-02
1.383170788433248921e-01
1.023109639404368165e-01
4.376361468592082637e-02
2.646271157943647090e-02
7.078970078847413028e-02
3.028640743175003980e-02
7.681203578750028793e-02
5.975741288297986564e-02
4.464618068182013566e-02
1.615748190626077330e-01
1.090273279697899778e-01
9.439123518091974141e-02
6.167481596025314872e-02
4.007522705910104843e-02
1.095434888500566029e-01
2.366207459466307395e-02
1.072285331174273049e-01
1.225076557334270344e-02
2.114342485280927830e-01
2.001499247742444254e-02
5.055650465538608085e-02
3.714448039395479295e-02
9.657343684017039021e-02
8.128777171527279410e-02
2.329845730871449305e-02
6.452350907266279911e-02
1.284840782599051545e-01
1.945429375647245163e-02
9.276145929615675634e-02
6.894028781915162440e-02
2.880191594363648022e-01
6.853765460657945674e-02
1.021734596423007346e-02
2.552701566412122203e-01
1.719749321780172924e-01
4.822284310052471490e-02
1.868750758269794865e-01
1.215863311480733788e-01
2.078363597772957538e-01
1.899406989827222558e-01
1.435779522694422550e-01
2.241470130539732208e-01
6.676694017989848184e-02
3.082767722662749232e-02
4.896528317746851044e-02
nan
4.709369067617996674e-02
1.231907029223532346e-01
6.501831603576135876e-02
2.374591889328195871e-01
5.329442120836946906e-02
1.763273570103220944e-01
1.638858006299876990e-01
1.150567107638840181e-01
4.000943426983960549e-02
6.748841168079644515e-02
2.681891472209940730e-02
3.410783303559583590e-02
1.489215129076907340e-01
3.838071336355275420e-02
1.969705683202160884e-02
5.328198182089805002e-02
4.852436702182727490e-02
1.722443344367988738e-01
9.812394320211303977e-02
1.079382268599478056e-01
1.051828434186840022e-01
6.569036426571817078e-02
1.714516701401805898e-01
1.538432689325266445e-01
6.479291276698162516e-02
9.462097797676816135e-02
4.990943200214481568e-02
1.866779096837823948e-01
2.202639105097037309e-02
9.481196365968080908e-02
6.631530416238939907e-02
1.040843523560530670e-01
1.109270838536925430e-01
6.083670831387977262e-02
6.084349372349029395e-02
1.005463279155155432e-01
4.551096177159574818e-02
5.847860149119576967e-02
7.035519634444742376e-02
8.279253951391862820e-02
3.230875808118116588e-02
9.797983969753665257e-02
8.857705462930920426e-02
5.758984341224682169e-02
2.965030288739514130e-01
8.871696868143419401e-02
1.548435242086787511e-02
8.662553406882722573e-02
6.661214530927750399e-02
4.709369067617996674e-02
9.999999790056990356e-01
4.201288865473773448e-02
1.964847904711521931e-01
3.180618259427236971e-02
9.297729177801616895e-02
5.757423508763359621e-02
4.386578192042833724e-02
3.469709183626379367e-02
1.092159225355545660e-01
1.698408923502074952e-01
6.877789066087569569e-02
3.999044181952460253e-02
1.173073585357808923e-02
9.752323830930165194e-03
3.540375391311523234e-02
7.207991782288014626e-02
3.562939918547902707e-02
1.153562342645462202e-01
1.926895802293344673e-01
1.600005651467045764e-01
8.768120928045575191e-03
7.646660696411322622e-02
1.181831022734839420e-01
1.390600347115666935e-02
8.385859298019948671e-02
1.453553288914265496e-01
5.308458280106198579e-02
9.635322282110836412e-02
1.813832419399474816e-02
6.961264090511098956e-02
8.912438874727091065e-02
5.444686582767421790e-03
1.498989061267979039e-01
7.105672590760714336e-02
8.767558519377260939e-02
1.183066685902705029e-01
7.683259767018313369e-02
1.145487022746682904e-01
1.236520641418904498e-01
1.114543987101535016e-03
7.072310262344538856e-02
3.981970141829360710e-02
1.970910637793413800e-01
7.984598192854264198e-02
3.383829632821855338e-02
1.822860443273200959e-01
8.739019075851450769e-02
2.649215104887592265e-02
2.286765644446464574e-02
1.231907029223532346e-01
4.201288865473773448e-02
nan
1.186982047443916333e-01
1.040130115456923132e-01
3.743158318757133785e-02
1.216735398010904134e-02
1.315561380982592787e-01
2.734794508854132555e-02
5.916774905237009996e-02
3.575327096754743472e-02
4.454956059508041744e-02
8.043707521042620101e-02
4.297930760526469385e-02
1.182372461562025689e-01
1.063643857942698778e-01
1.322396591773791208e-01
2.542782263334973925e-01
2.516587306613804476e-02
1.895145449356572254e-02
1.657352642623517447e-01
1.140946901079584741e-01
4.098634982723547981e-02
2.007676293283078284e-02
4.616203953064701437e-02
6.748484480555783094e-02
2.727100105959656684e-02
6.714879029961917656e-02
4.601285774327878997e-02
6.767586984715279197e-02
2.932690979962493394e-02
3.866397877133009864e-02
5.277487471551989273e-02
1.343789671084136828e-01
7.610695897796859732e-02
3.493153388066327913e-02
2.983715534331266017e-02
7.107017941278659379e-03
6.191109698147867491e-02
6.292452569227502401e-02
8.719654813417399009e-02
7.362628335543730529e-02
5.651695496832465082e-02
1.053775521110317248e-01
9.614501444792511453e-02
1.072161562880548091e-01
8.077333956066468090e-02
7.871729714594266625e-02
1.112578225901450502e-02
9.300335010503790745e-02
6.501831603576135876e-02
1.964847904711521931e-01
1.186982047443916333e-01
nan
4.752932430786327433e-02
7.438567330407896971e-02
3.647193480018640077e-02
1.624231130430622283e-01
6.676388745605499331e-02
9.098456797285947584e-02
4.511814200397923358e-02
1.222228068287374292e-01
1.071210528464915379e-01
2.719373258569990348e-02
4.697322467102971189e-02
3.942451853987172239e-02
6.633961607912963743e-03
1.227702361729948732e-01
3.723275016557336947e-02
1.923994676963868278e-01
2.324841467959452013e-01
5.389369817209110902e-02
2.601882771340280343e-02
1.098955339297468248e-01
2.586176783721005901e-02
9.769373825794680499e-02
6.818212265597467514e-02
4.382217733969684392e-02
1.443937483169349667e-01
7.792402040903922966e-02
1.963259390308583763e-01
1.882577250365167210e-01
6.186761736518664456e-03
1.491091691892443283e-01
6.371154104160958731e-02
8.701919984792982898e-02
4.911144828509494964e-02
2.832824776986153648e-02
2.842900444662637138e-01
2.402335255634189259e-01
2.128962889784724588e-02
1.244994622469073331e-01
1.006118637127407789e-01
2.080428492980482824e-01
1.099717705909135645e-01
6.382390756290667877e-02
1.429358822537626361e-01
1.156060605420869969e-01
2.891506072184246712e-02
3.230451944049539392e-02
2.374591889328195871e-01
3.180618259427236971e-02
1.040130115456923132e-01
4.752932430786327433e-02
9.999999564197963320e-01
5.131962491097863399e-02
6.698315058644921383e-02
1.731483149123271836e-01
2.443393800907969204e-01
8.176071330957912497e-02
4.852020180793936710e-02
7.994490974110346482e-02
9.000416131959143584e-02
1.081195180268095246e-01
1.320338891027295070e-02
1.828870490791056902e-02
8.648249803695839955e-02
8.245628672200078224e-02
1.165560441888812138e-01
2.693507195971633905e-02
7.561277494281404277e-02
1.958779687703748884e-03
2.000669702293134122e-01
9.302611206266708788e-02
2.291636500364753193e-01
4.752082929083412122e-02
1.522893595155864199e-01
1.974275816746584589e-02
9.296260333418171484e-02
2.432276195403826335e-02
6.907725866425229455e-02
1.656333649545027598e-02
1.068510883528980271e-01
2.480464704794860253e-02
5.359600896923344404e-02
6.633942717914509402e-03
1.023181942267908928e-01
1.544186153399030870e-01
6.963864126688190659e-02
6.525156416761679345e-02
5.252713537945052913e-02
1.407629537329427860e-01
2.277742972242124964e-02
1.749979596602635468e-02
2.506270066840321498e-02
6.506739128300098596e-02
1.669606601653728095e-02
1.067198099479542694e-01
4.693921485371943536e-02
1.383170788433248921e-01
5.329442120836946906e-02
9.297729177801616895e-02
3.743158318757133785e-02
7.438567330407896971e-02
5.131962491097863399e-02
9.999999653518218956e-01
2.720048674652042475e-02
1.281870527901547430e-01
3.868575619094882789e-02
9.002269750404490178e-02
5.599233687436611095e-02
9.861990107460438804e-02
3.959283029491367234e-02
1.265336847696699740e-01
7.210712163754129378e-02
7.195000060911216355e-02
1.386589120694516897e-01
5.523046029972678017e-02
1.254027306791017926e-01
1.562759189976419272e-01
3.737817419796252150e-02
5.101341890336941187e-02
1.674249855379505991e-02
2.558378219641056495e-01
1.218525275994297719e-02
1.279458589385282785e-01
4.201784123178120556e-02
1.022319804323054138e-01
6.200324322383410358e-02
1.545945703943396587e-02
9.486900290730415630e-02
5.512168390776928106e-02
6.246027724125635672e-03
1.222703520963801527e-01
1.830802119381017556e-01
2.681848259927566147e-01
3.346336867725563380e-02
5.214176347570176340e-02
1.666506278600508040e-01
5.889722583857825988e-02
5.867905251066363181e-02
4.668166766921766353e-02
6.567808794367369085e-02
7.486028731366811684e-02
1.961985319553877227e-01
2.077104884753484537e-01
3.810649066392512996e-02
3.385324313068138746e-02
1.605307533513492535e-01
1.023109639404368165e-01
1.763273570103220944e-01
5.757423508763359621e-02
1.216735398010904134e-02
3.647193480018640077e-02
6.698315058644921383e-02
2.720048674652042475e-02
nan
1.778040731750107906e-02
2.363927656982467429e-02
4.202938986858617554e-02
1.002922320780588183e-01
3.536386218111442492e-02
6.022293763608588257e-02
1.229268530201765852e-01
2.436367760909208258e-02
1.018281143526675869e-01
3.954493657471347401e-02
8.066367723466250084e-03
6.008626616458800918e-02
6.564249805145694339e-02
1.903965133531138054e-02
2.908620769096836867e-02
5.730956233524897581e-02
4.066869128457351046e-02
9.266439493031486396e-02
2.342438898270597925e-01
3.684388947631755951e-02
1.371319991130077742e-01
1.258964419545585134e-01
1.322267914985798543e-01
4.321007883966387908e-03
8.767211635119409596e-02
1.121644726373037804e-01
9.045445680817743028e-02
9.474109885056902769e-02
1.004794113300133684e-01
6.922959405126027921e-02
3.452195475159480775e-02
1.600096835212883040e-01
9.159978054664974501e-02
8.910659362017048224e-02
7.242649199950834671e-02
6.431139046161737927e-02
1.605416539172832557e-01
1.361755238128716794e-01
2.720800830849512408e-02
1.549466169797829584e-01
2.158270852521367855e-01
1.567788576772710663e-02
4.376361468592082637e-02
1.638858006299876990e-01
4.386578192042833724e-02
1.315561380982592787e-01
1.624231130430622283e-01
1.731483149123271836e-01
1.281870527901547430e-01
1.778040731750107906e-02
9.999999622328279436e-01
9.450925809886234763e-02
1.814458320269148883e-01
2.035254902906213914e-02
1.060667939665830284e-01
5.552028054381752398e-02
1.248135081068437735e-01
1.805434623026791474e-01
8.835013862480189939e-02
1.996105589698270455e-01
1.417522686618714056e-01
1.674015676323854507e-01
1.016251243119327130e-01
1.297283051117946728e-01
7.781578631646624000e-02
5.180481759275878950e-02
1.038216563070398779e-01
8.318236149486113451e-02
9.211398677663973356e-02
1.753631003302449365e-01
5.877279512802324746e-02
7.585333945519545651e-02
3.293692571267414770e-02
3.777918496867205267e-01
1.535890338017882328e-01
1.746159043136041866e-02
1.598723613298846935e-02
3.390864671352877835e-02
3.767322533487194036e-02
8.667235141090323669e-02
5.365158006953452130e-02
6.052439897759209764e-02
1.475870001791227404e-01
1.015055786225051992e-01
1.326574188137380483e-01
1.677739232923114443e-01
5.682490790284955295e-02
1.087724975588421072e-01
3.025427381235412660e-02
3.443865636855258927e-02
1.199048335131717158e-01
3.992852834648519256e-02
2.646271157943647090e-02
1.150567107638840181e-01
3.469709183626379367e-02
2.734794508854132555e-02
6.676388745605499331e-02
2.443393800907969204e-01
3.868575619094882789e-02
2.363927656982467429e-02
9.450925809886234763e-02
nan
4.801398967392445094e-02
5.459390724429458164e-02
1.217773522980146739e-01
2.241551454042752800e-01
1.809986383377172325e-01
5.445442715582438087e-02
9.894089056842525487e-03
3.251433263253622474e-02
2.698011346714146441e-02
1.762016216120021461e-01
1.139723036066375705e-02
2.018952178445254653e-02
8.839716341100822827e-02
2.338006513100533423e-01
3.685628453809919325e-02
2.318068858040436275e-01
1.321531146598206030e-01
1.720844527632849896e-01
9.459588262069162923e-03
2.110137318624161207e-02
1.389593454484170376e-01
6.372204155512606327e-02
4.646031079301049527e-02
6.807069474651328278e-02
2.395197887585720498e-02
6.437773929444079446e-02
4.092582317481618936e-02
3.537628257834479761e-02
9.481924819432574481e-02
1.724316577336605372e-01
3.961684506809848294e-02
2.996070807086887999e-01
5.034935768893267216e-02
3.072132071336519665e-02
1.339837665391907517e-01
9.246776320248406567e-02
2.142354323553963269e-02
1.053745428991516020e-01
2.393702859261903626e-02
3.683361535831575218e-02
7.078970078847413028e-02
4.000943426983960549e-02
1.092159225355545660e-01
5.916774905237009996e-02
9.098456797285947584e-02
8.176071330957912497e-02
9.002269750404490178e-02
4.202938986858617554e-02
1.814458320269148883e-01
4.801398967392445094e-02
9.999999639088620329e-01
1.027905024686601720e-01
4.726442544885967045e-02
8.137669747404718823e-02
1.159914090417890620e-01
7.374113000782334115e-02
1.061897450166551238e-01
7.915694647768323211e-02
1.400635693892946509e-01
1.195742305234128722e-01
8.333516583315370152e-02
1.420532716012449237e-01
5.438805248869971187e-03
4.317984162169719031e-02
7.847606813468432918e-02
6.875926742905025257e-02
6.774072199764136215e-02
6.497460610629379740e-02
1.319429203631615755e-01
2.162937190679506960e-01
3.863443255392784437e-02
1.627940991836347440e-01
4.853699830923297043e-02
5.130229027207544590e-02
6.086987576025071345e-02
5.874446580717807009e-02
5.870017419587314489e-02
1.315139858369607229e-02
5.145900622218313458e-02
7.678988869663327943e-02
1.317564949514976602e-01
1.912967388247083234e-01
4.258821469242113356e-02
9.261896843419603620e-02
3.203380184487325533e-02
1.799611021275304701e-02
2.248664396447378477e-01
1.104366394443656585e-02
2.000561085261254313e-03
1.754024977374625260e-01
3.028640743175003980e-02
6.748841168079644515e-02
1.698408923502074952e-01
3.575327096754743472e-02
4.511814200397923358e-02
4.852020180793936710e-02
5.599233687436611095e-02
1.002922320780588183e-01
2.035254902906213914e-02
5.459390724429458164e-02
1.027905024686601720e-01
9.999999598614804919e-01
1.661776211797316716e-02
1.114680773711741457e-01
8.917197563874090793e-02
3.617816471207202511e-02
1.077192774104949180e-01
6.137136567549517085e-02
1.761242028436016405e-02
1.124151851102039856e-02
1.521608833086602885e-01
1.118965814774629530e-01
1.213745147315437034e-01
6.830571600300827662e-02
5.395429315728217379e-02
1.579816288561879389e-01
4.515797072395011380e-02
9.326003931202808683e-02
5.607442134958395830e-02
3.833472160788142791e-02
9.275596042496281335e-03
6.534497297619812350e-02
1.070877438679085358e-01
6.082350543930692410e-03
3.548451434954325023e-02
5.001761580696850729e-02
7.013895316891427534e-02
3.905191452123135676e-02
6.541929557927361749e-02
1.758840904400982286e-02
3.150619759780526330e-02
4.425941098432450982e-02
3.607665844971930103e-02
8.992884184424754235e-02
4.350862088417517537e-02
7.858746236359337445e-02
3.390279468216117476e-02
8.032427516392204314e-02
7.410049580394684199e-02
5.240183713654644748e-03
7.681203578750028793e-02
2.681891472209940730e-02
6.877789066087569569e-02
4.454956059508041744e-02
1.222228068287374292e-01
7.994490974110346482e-02
9.861990107460438804e-02
3.536386218111442492e-02
1.060667939665830284e-01
1.217773522980146739e-01
4.726442544885967045e-02
1.661776211797316716e-02
nan
1.265731801676053259e-01
7.571496500766039528e-02
5.184142722480666876e-02
2.683470396103393441e-02
1.703180063358005203e-01
9.489053174218120557e-02
2.835191791317170917e-02
3.551025387734552119e-02
7.552553271481621255e-02
1.474014468295981040e-02
1.389213545479641709e-01
8.621758586497285659e-02
5.883926801587258115e-02
4.585903673049651630e-02
5.485940800852917576e-02
1.995078243901520221e-01
2.394055102874148577e-02
2.147364060104384187e-01
9.157913631495251394e-02
1.253884914490502878e-01
1.299864721306637216e-01
4.039630416366002397e-02
5.100576270731216333e-02
7.506528076635776703e-02
6.398562575715549539e-02
8.415253020659918537e-02
5.746926609533320462e-02
7.915361181017932513e-02
4.010006275807986853e-02
1.998499762607304220e-01
1.350250846049869669e-01
4.487074522490386297e-02
1.160555273934243958e-01
4.058809875755342578e-02
2.085313211135941813e-02
9.710707094217274626e-02
3.986593210954003652e-02
5.975741288297986564e-02
3.410783303559583590e-02
3.999044181952460253e-02
8.043707521042620101e-02
1.071210528464915379e-01
9.000416131959143584e-02
3.959283029491367234e-02
6.022293763608588257e-02
5.552028054381752398e-02
2.241551454042752800e-01
8.137669747404718823e-02
1.114680773711741457e-01
1.265731801676053259e-01
nan
7.425139816182091401e-02
7.058617001411715552e-02
5.841761707862214159e-02
1.388026350097593120e-02
5.350693793752081540e-02
9.671536937658176125e-02
2.163196748851925477e-02
9.990462602742089526e-02
2.443359790190324787e-02
1.446042232251361082e-01
4.798677907858117653e-02
4.463820444609045701e-02
1.349383920177981144e-01
9.021117492195152021e-02
7.796802463169105746e-02
4.201299714601303137e-02
9.552289722038875830e-02
2.640197705372260284e-02
2.561656031413750423e-02
7.811509373814173873e-02
3.042100812760351047e-03
2.299281283939413889e-02
1.137640443002456703e-01
4.616449348244677786e-03
4.476920931384187341e-02
1.121984149080618165e-01
1.184054432866571416e-01
7.371692387940886881e-02
1.422860911905995396e-01
1.460425255851310888e-01
4.957607378836015322e-02
2.307080861933027416e-01
4.872797927198724288e-02
2.512678529199385835e-02
9.741321123649249181e-02
3.181421289631225502e-02
4.464618068182013566e-02
1.489215129076907340e-01
1.173073585357808923e-02
4.297930760526469385e-02
2.719373258569990348e-02
1.081195180268095246e-01
1.265336847696699740e-01
1.229268530201765852e-01
1.248135081068437735e-01
1.809986383377172325e-01
1.159914090417890620e-01
8.917197563874090793e-02
7.571496500766039528e-02
7.425139816182091401e-02
9.999999718561499717e-01
3.237210379541732852e-02
1.565868202134046427e-02
3.298119995260440085e-02
1.875311034843540892e-02
1.541166348342117853e-01
7.349294780589599174e-02
1.820754816233882689e-02
4.242161708272373932e-02
8.075096491705113788e-02
1.078068561973860584e-01
1.379674661701542071e-01
1.061144546220912366e-01
8.223057409270928542e-02
8.635265977759498668e-02
3.626803650491572384e-02
2.061081889728983985e-01
9.215952424875817339e-02
2.520422648147213618e-02
1.460819009307164906e-01
4.924553558886657356e-02
1.354845494165544117e-01
3.529659453476896580e-02
7.434693356015265042e-02
9.640460241585835366e-02
2.039098684463125366e-02
3.578151117360206523e-02
6.981351764720955533e-02
6.247035853884230772e-02
3.709867298860469731e-03
2.376305569440395615e-02
7.065886925484998748e-02
6.377041961845608675e-02
7.543200585447051854e-02
1.465217949268342590e-01
1.576986148528075615e-01
1.615748190626077330e-01
3.838071336355275420e-02
9.752323830930165194e-03
1.182372461562025689e-01
4.697322467102971189e-02
1.320338891027295070e-02
7.210712163754129378e-02
2.436367760909208258e-02
1.805434623026791474e-01
5.445442715582438087e-02
7.374113000782334115e-02
3.617816471207202511e-02
5.184142722480666876e-02
7.058617001411715552e-02
3.237210379541732852e-02
nan
1.350878918898756886e-01
1.924988820468543915e-01
1.148044027255157307e-01
1.110591243214322787e-01
1.606361261697086817e-02
1.081199497276097432e-02
3.375608720214443581e-01
9.901889676250641426e-02
8.015075990489994862e-02
5.141963907183333404e-02
1.391170210062308010e-01
6.620579209404886534e-02
7.806372879223721917e-02
4.789263960370082618e-02
1.199791608770144347e-01
9.828468074877794169e-02
9.438781051471045735e-02
1.039238983837378338e-01
1.199544848855235157e-01
4.614687364537506387e-02
1.208435932635408827e-01
8.967002585684991089e-02
1.905083850127786693e-02
9.371673151286108450e-02
6.654295530447706941e-02
2.317518084309971860e-01
2.242220782660753198e-02
5.322728575441482146e-02
7.250675046743115804e-02
1.021186479243064715e-01
3.366616569802993730e-02
7.466719470578631057e-02
1.077719134894122854e-01
1.533587543286861754e-01
1.090273279697899778e-01
1.969705683202160884e-02
3.540375391311523234e-02
1.063643857942698778e-01
3.942451853987172239e-02
1.828870490791056902e-02
7.195000060911216355e-02
1.018281143526675869e-01
8.835013862480189939e-02
9.894089056842525487e-03
1.061897450166551238e-01
1.077192774104949180e-01
2.683470396103393441e-02
5.841761707862214159e-02
1.565868202134046427e-02
1.350878918898756886e-01
nan
4.985065050506365392e-02
1.236804537645704860e-01
4.463001942441469083e-02
2.887606616489235556e-02
2.752056190095297783e-02
1.646442527104818865e-01
5.271943156481506687e-02
5.341075189241584198e-02
4.365306356706977198e-02
1.471686110169272421e-01
2.797365245307059656e-02
2.064920147503845893e-02
4.629690221840243591e-02
3.748433350290603094e-02
7.392826512542638451e-02
1.710451916713345843e-01
2.082281103290117841e-02
7.895229856210728148e-02
6.601907946932039639e-02
1.021828330009902919e-01
5.417521124798962973e-02
1.841617512859631267e-01
4.066343505322744800e-02
1.401416495625736891e-01
1.816746339206232186e-02
8.474953046858468841e-02
4.065014221447882381e-02
7.120758516741887423e-02
1.682103067207374458e-02
4.356131848717548216e-02
1.295259309912637491e-01
5.801911576339535692e-02
6.811727364551933839e-02
9.439123518091974141e-02
5.328198182089805002e-02
7.207991782288014626e-02
1.322396591773791208e-01
6.633961607912963743e-03
8.648249803695839955e-02
1.386589120694516897e-01
3.954493657471347401e-02
1.996105589698270455e-01
3.251433263253622474e-02
7.915694647768323211e-02
6.137136567549517085e-02
1.703180063358005203e-01
1.388026350097593120e-02
3.298119995260440085e-02
1.924988820468543915e-01
4.985065050506365392e-02
9.999999593206903015e-01
7.444476539678646088e-02
5.616998982124110640e-02
1.057206969661261819e-01
3.771193307082110202e-02
5.017169117719477711e-02
6.222641249882221448e-02
9.078308625320985481e-02
4.000823397430874895e-02
5.723744339275715909e-02
8.391714070311351303e-02
1.477387868647330738e-01
2.043260489875486918e-02
3.073124295491624913e-02
1.576290404254117039e-01
3.555206460504134469e-02
1.457119997823252966e-02
1.685856583629430361e-02
1.166920693970191492e-01
5.776885230905726143e-02
1.453166764235642727e-01
4.174845865523191257e-02
1.027048338534171101e-01
1.621088661797387420e-02
9.105977362766293215e-02
1.612284786593739527e-01
7.607313841167939739e-02
6.038045725429463939e-02
6.527734658150896596e-02
7.845029174108120174e-03
2.108446458572459381e-01
7.166349680977757153e-02
8.129942380777499533e-02
6.167481596025314872e-02
4.852436702182727490e-02
3.562939918547902707e-02
2.542782263334973925e-01
1.227702361729948732e-01
8.245628672200078224e-02
5.523046029972678017e-02
8.066367723466250084e-03
1.417522686618714056e-01
2.698011346714146441e-02
1.400635693892946509e-01
1.761242028436016405e-02
9.489053174218120557e-02
5.350693793752081540e-02
1.875311034843540892e-02
1.148044027255157307e-01
1.236804537645704860e-01
7.444476539678646088e-02
9.999999816386628826e-01
2.913255423497673746e-02
2.323484047974921918e-02
1.945034085662920020e-01
4.325545484482695713e-02
6.134370318168769209e-02
7.292553761035169835e-02
3.929645294108985443e-02
1.026551672480365829e-01
3.093099942618315890e-02
5.095723810734886783e-02
7.379632627432253233e-02
6.728679360046585511e-02
6.242410156190358883e-02
3.195013779803768106e-02
3.216904704542511428e-02
2.191737223181324801e-01
2.907933972025822378e-03
2.151106574608252497e-02
8.019651044812325935e-02
1.060920056344840656e-01
7.747661539658745600e-02
3.980143503557687090e-02
6.817715590929418479e-02
1.618882393836086342e-01
1.258314232360870921e-01
8.486219840398656622e-02
6.702393331114675501e-02
8.332864073734602695e-02
2.139317325418710336e-02
5.911122726743589517e-02
3.163142725697909441e-02
4.007522705910104843e-02
1.722443344367988738e-01
1.153562342645462202e-01
2.516587306613804476e-02
3.723275016557336947e-02
1.165560441888812138e-01
1.254027306791017926e-01
6.008626616458800918e-02
1.674015676323854507e-01
1.762016216120021461e-01
1.195742305234128722e-01
1.124151851102039856e-02
2.835191791317170917e-02
9.671536937658176125e-02
1.541166348342117853e-01
1.110591243214322787e-01
4.463001942441469083e-02
5.616998982124110640e-02
2.913255423497673746e-02
nan
1.289352325675667821e-01
1.017827497902146217e-02
4.336169465331762840e-02
1.052284837334600542e-01
1.089500652127721736e-01
1.553715474352315162e-01
5.216314583995829146e-02
2.843376789415038575e-01
1.026683025223263934e-01
1.020778259092486318e-01
5.813832046817724031e-02
8.750820661565072989e-02
6.584178777086302503e-02
2.071159218111917610e-02
2.780022090668887724e-02
1.404413288960889572e-01
6.194429164754722272e-02
8.955321627334933421e-02
2.629542291030739776e-02
2.493281970582894580e-02
3.454069521922176200e-02
8.578469971296520669e-02
6.010700204418895076e-02
5.873898092819729300e-02
4.160519815865637572e-02
4.627471144004924319e-02
1.564883171441925347e-01
4.486545047356405025e-02
4.222515435153795238e-02
5.339827852810952180e-02
1.095434888500566029e-01
9.812394320211303977e-02
1.926895802293344673e-01
1.895145449356572254e-02
1.923994676963868278e-01
2.693507195971633905e-02
1.562759189976419272e-01
6.564249805145694339e-02
1.016251243119327130e-01
1.139723036066375705e-02
8.333516583315370152e-02
1.521608833086602885e-01
3.551025387734552119e-02
2.163196748851925477e-02
7.349294780589599174e-02
1.606361261697086817e-02
2.887606616489235556e-02
1.057206969661261819e-01
2.323484047974921918e-02
1.289352325675667821e-01
9.999999797881541364e-01
2.845961220735038211e-02
3.158053658650372686e-02
2.588098343800504519e-02
1.080465216549441054e-01
1.549322316604206939e-02
4.193219889120980426e-02
7.273734088123284813e-02
6.251162997451487069e-02
1.340989239456015225e-01
8.490033302583277486e-02
1.080717958655841304e-01
3.305712854409070811e-02
2.437506690621160654e-02
6.538068428779464369e-02
1.405516227475165358e-01
1.011838583337979491e-01
1.718855597021600179e-01
5.397232319004718892e-02
1.144790750795957601e-01
1.640134875176757490e-02
1.192284053826363488e-01
1.422658333404295261e-01
1.228374927160759134e-01
1.198935956233941891e-01
1.268519826471951051e-01
8.351727860347801791e-02
2.167244488472285235e-01
2.934846062325346949e-02
6.292678278613594856e-02
2.366207459466307395e-02
1.079382268599478056e-01
1.600005651467045764e-01
1.657352642623517447e-01
2.324841467959452013e-01
7.561277494281404277e-02
3.737817419796252150e-02
1.903965133531138054e-02
1.297283051117946728e-01
2.018952178445254653e-02
1.420532716012449237e-01
1.118965814774629530e-01
7.552553271481621255e-02
9.990462602742089526e-02
1.820754816233882689e-02
1.081199497276097432e-02
2.752056190095297783e-02
3.771193307082110202e-02
1.945034085662920020e-01
1.017827497902146217e-02
2.845961220735038211e-02
9.999999556311173210e-01
2.766798714811558035e-02
6.177169642730639953e-02
3.204430820229575705e-02
9.789467308405908064e-03
3.025649625585713487e-02
8.634935930002896054e-02
1.286484804380838565e-02
1.595167991396123641e-01
3.418389035086843997e-02
1.648627326153784267e-01
1.026219513300664632e-01
1.998006033731980491e-02
8.193928818542461912e-02
5.056198062607175636e-02
4.148002500557090855e-02
1.129930970504999799e-01
9.296887640588524793e-02
1.120227126707018517e-02
6.958916357914457507e-02
1.418431184848658599e-01
4.755261023649948182e-02
6.759433908721124151e-02
2.456492768832962970e-02
3.409913382467799625e-02
2.168411092545841079e-03
7.801409113497181913e-02
2.121856441750489264e-01
1.956918110897428731e-01
1.072285331174273049e-01
1.051828434186840022e-01
8.768120928045575191e-03
1.140946901079584741e-01
5.389369817209110902e-02
1.958779687703748884e-03
5.101341890336941187e-02
2.908620769096836867e-02
7.781578631646624000e-02
8.839716341100822827e-02
5.438805248869971187e-03
1.213745147315437034e-01
1.474014468295981040e-02
2.443359790190324787e-02
4.242161708272373932e-02
3.375608720214443581e-01
1.646442527104818865e-01
5.017169117719477711e-02
4.325545484482695713e-02
4.336169465331762840e-02
3.158053658650372686e-02
2.766798714811558035e-02
nan
1.057638312765436517e-01
6.143586926112287738e-02
8.665204108354396251e-02
3.987464276676244701e-02
1.150181571383177559e-01
3.233546243504681339e-02
1.907116025816346649e-02
6.358862963082245745e-02
1.625065752590674206e-01
2.691159745561102490e-01
3.157897285351030092e-02
5.762023931067006277e-02
6.456354124611363154e-02
7.379976929115728002e-02
6.622969373161557982e-02
3.475829672910613066e-02
1.081663649009005912e-01
1.391066171991192091e-01
1.045652471383416993e-01
8.529157322722091816e-02
1.133548992698122371e-01
5.990524874106173403e-02
2.522327283158642963e-02
8.929938103424051032e-02
6.601974519386499818e-02
8.615646045350289217e-02
8.035396330791200192e-02
1.225076557334270344e-02
6.569036426571817078e-02
7.646660696411322622e-02
4.098634982723547981e-02
2.601882771340280343e-02
2.000669702293134122e-01
1.674249855379505991e-02
5.730956233524897581e-02
5.180481759275878950e-02
2.338006513100533423e-01
4.317984162169719031e-02
6.830571600300827662e-02
1.389213545479641709e-01
1.446042232251361082e-01
8.075096491705113788e-02
9.901889676250641426e-02
5.271943156481506687e-02
6.222641249882221448e-02
6.134370318168769209e-02
1.052284837334600542e-01
2.588098343800504519e-02
6.177169642730639953e-02
1.057638312765436517e-01
9.999999501704239790e-01
5.179391573743896693e-02
1.380352681888218358e-01
4.598191693452313711e-02
1.413459309871553105e-01
1.183495854505078881e-02
1.035054598645231971e-01
5.126116667866842391e-02
5.522905715978976282e-02
1.472026165870254921e-02
1.230428104472879314e-01
4.455752969737170055e-02
4.735229605068302927e-02
1.559310929441604099e-02
8.884334036565599835e-02
6.170371490312198670e-02
4.998889883752832830e-02
1.004454337612713521e-01
5.192263929764517894e-02
1.366866220019208322e-01
4.082657928083210930e-02
7.418451355311195261e-02
7.600505314521577294e-02
7.814225587251266703e-02
5.641923157688155666e-02
1.968626949498671896e-01
5.200831369683966976e-02
2.114342485280927830e-01
1.714516701401805898e-01
1.181831022734839420e-01
2.007676293283078284e-02
1.098955339297468248e-01
9.302611206266708788e-02
2.558378219641056495e-01
4.066869128457351046e-02
1.038216563070398779e-01
3.685628453809919325e-02
7.847606813468432918e-02
5.395429315728217379e-02
8.621758586497285659e-02
4.798677907858117653e-02
1.078068561973860584e-01
8.015075990489994862e-02
5.341075189241584198e-02
9.078308625320985481e-02
7.292553761035169835e-02
1.089500652127721736e-01
1.080465216549441054e-01
3.204430820229575705e-02
6.143586926112287738e-02
5.179391573743896693e-02
nan
7.185706256529722502e-02
1.040427083449567691e-01
4.632146355888944189e-02
4.538411253976837312e-02
6.608266537749496461e-02
5.873212533298532989e-03
1.160139288588555306e-01
2.131261732047686763e-01
6.006345603391527455e-02
2.293866721246030638e-01
2.357408585506581833e-02
2.368098925549760869e-01
3.421331703513696976e-02
7.326039233993497657e-02
1.091600075557386251e-01
1.889146611162311196e-01
1.116893555701220508e-01
4.783351625738896384e-02
9.410850947847804182e-02
1.283858408321637556e-01
9.973095723479696861e-02
1.143037022063209118e-02
3.458398020230024628e-02
4.430489185107144845e-02
7.423455452389438047e-02
2.001499247742444254e-02
1.538432689325266445e-01
1.390600347115666935e-02
4.616203953064701437e-02
2.586176783721005901e-02
2.291636500364753193e-01
1.218525275994297719e-02
9.266439493031486396e-02
8.318236149486113451e-02
2.318068858040436275e-01
6.875926742905025257e-02
1.579816288561879389e-01
5.883926801587258115e-02
4.463820444609045701e-02
1.379674661701542071e-01
5.141963907183333404e-02
4.365306356706977198e-02
4.000823397430874895e-02
3.929645294108985443e-02
1.553715474352315162e-01
1.549322316604206939e-02
9.789467308405908064e-03
8.665204108354396251e-02
1.380352681888218358e-01
7.185706256529722502e-02
9.999999719751783145e-01
1.940603780687211177e-02
1.184999556058956571e-01
6.255299929693702854e-02
2.899530754945089939e-03
2.638800714208100473e-02
5.699533416087609883e-02
6.174808954971755526e-02
1.114795224019492492e-01
1.696121104865200291e-02
9.493741304020852922e-02
4.716367198237314540e-03
1.397234611392809134e-01
9.060355728276869858e-02
8.996884694951445827e-02
9.114194467423730739e-02
2.515298394003373517e-02
3.507183517717560317e-02
4.148937793266527230e-02
3.147952621115535088e-02
9.156101338380884247e-02
2.319948344424692666e-01
4.534443855544179058e-02
4.378153393186368092e-02
1.135285806081965942e-01
5.055650465538608085e-02
6.479291276698162516e-02
8.385859298019948671e-02
6.748484480555783094e-02
9.769373825794680499e-02
4.752082929083412122e-02
1.279458589385282785e-01
2.342438898270597925e-01
9.211398677663973356e-02
1.321531146598206030e-01
6.774072199764136215e-02
4.515797072395011380e-02
4.585903673049651630e-02
1.349383920177981144e-01
1.061144546220912366e-01
1.391170210062308010e-01
1.471686110169272421e-01
5.723744339275715909e-02
1.026551672480365829e-01
5.216314583995829146e-02
4.193219889120980426e-02
3.025649625585713487e-02
3.987464276676244701e-02
4.598191693452313711e-02
1.040427083449567691e-01
1.940603780687211177e-02
9.999999355853886884e-01
7.154278939675007276e-02
1.549881398193975190e-02
4.048936181007078972e-02
1.397750147182744707e-01
6.546471921177976494e-02
8.259063419750323209e-02
1.694048686550535532e-01
2.794310727832290953e-01
1.189736516664973154e-01
1.341824471737300684e-01
7.789035399876220733e-02
4.111677583010642234e-02
6.149058975652710313e-02
2.267044736478018851e-02
2.466959595507833836e-02
8.202784725512757280e-02
2.499643653484103778e-01
1.018735863451630808e-01
6.617927391144395877e-02
1.149190765262672054e-01
5.108124508291533861e-02
8.533724113138130285e-02
8.719895856407899881e-02
3.714448039395479295e-02
9.462097797676816135e-02
1.453553288914265496e-01
2.727100105959656684e-02
6.818212265597467514e-02
1.522893595155864199e-01
4.201784123178120556e-02
3.684388947631755951e-02
1.753631003302449365e-01
1.720844527632849896e-01
6.497460610629379740e-02
9.326003931202808683e-02
5.485940800852917576e-02
9.021117492195152021e-02
8.223057409270928542e-02
6.620579209404886534e-02
2.797365245307059656e-02
8.391714070311351303e-02
3.093099942618315890e-02
2.843376789415038575e-01
7.273734088123284813e-02
8.634935930002896054e-02
1.150181571383177559e-01
1.413459309871553105e-01
4.632146355888944189e-02
1.184999556058956571e-01
7.154278939675007276e-02
9.999999402967374440e-01
1.947759543440819030e-02
5.716214794584162373e-02
2.338959483591407373e-02
1.176490236827905100e-01
1.369899062170377713e-01
6.065864507791129956e-02
3.696690757548071193e-02
9.259578141275770502e-02
5.735922989670971806e-02
6.185389818415054641e-02
2.680423775715219392e-01
7.223949160627374244e-02
8.725378669192018766e-02
9.325695567595770896e-03
6.045448862363167475e-02
1.712197538044324396e-02
3.463739692724043806e-02
5.335203269182764441e-02
4.155336666429654269e-02
5.497222433242143769e-02
2.208223697232314375e-02
7.773486327988388123e-02
9.657343684017039021e-02
4.990943200214481568e-02
5.308458280106198579e-02
6.714879029961917656e-02
4.382217733969684392e-02
1.974275816746584589e-02
1.022319804323054138e-01
1.371319991130077742e-01
5.877279512802324746e-02
9.459588262069162923e-03
1.319429203631615755e-01
5.607442134958395830e-02
1.995078243901520221e-01
7.796802463169105746e-02
8.635265977759498668e-02
7.806372879223721917e-02
2.064920147503845893e-02
1.477387868647330738e-01
5.095723810734886783e-02
1.026683025223263934e-01
6.251162997451487069e-02
1.286484804380838565e-02
3.233546243504681339e-02
1.183495854505078881e-02
4.538411253976837312e-02
6.255299929693702854e-02
1.549881398193975190e-02
1.947759543440819030e-02
nan
1.409700640827504792e-01
8.517798054141201280e-02
8.273037145750272714e-02
7.483673919249811401e-02
7.517657944819211568e-02
3.557068107510685806e-02
1.940686154176471945e-01
4.423752882223597194e-02
3.616466341832047515e-02
3.119781985453984330e-02
1.100439250870340890e-01
2.928284344836096231e-02
2.197967932955379178e-01
9.264671902360777089e-02
8.018185338366246029e-02
1.105301720565975421e-01
1.695877942017487428e-01
1.191935950370863750e-01
1.252650348929352786e-01
2.902443409223631754e-02
1.119349523194870244e-01
8.128777171527279410e-02
1.866779096837823948e-01
9.635322282110836412e-02
4.601285774327878997e-02
1.443937483169349667e-01
9.296260333418171484e-02
6.200324322383410358e-02
1.258964419545585134e-01
7.585333945519545651e-02
2.110137318624161207e-02
2.162937190679506960e-01
3.833472160788142791e-02
2.394055102874148577e-02
4.201299714601303137e-02
3.626803650491572384e-02
4.789263960370082618e-02
4.629690221840243591e-02
2.043260489875486918e-02
7.379632627432253233e-02
1.020778259092486318e-01
1.340989239456015225e-01
1.595167991396123641e-01
1.907116025816346649e-02
1.035054598645231971e-01
6.608266537749496461e-02
2.899530754945089939e-03
4.048936181007078972e-02
5.716214794584162373e-02
1.409700640827504792e-01
nan
8.322325254212881163e-02
7.465374485919351599e-02
1.943745733682744614e-02
1.586993937261135246e-01
1.492996985993912951e-01
9.057447515085603751e-02
5.629458468178150099e-02
6.513461832994593692e-02
5.353857638804104813e-02
4.513862959752990012e-02
6.825811202003206901e-03
5.680245420413654323e-02
2.866560344947444161e-02
7.460149953001626866e-02
2.733967074046761425e-02
1.917238130263830831e-01
4.992386869712883701e-02
2.121565392667756900e-02
1.185032747784242613e-01
9.058696945132549416e-02
2.329845730871449305e-02
2.202639105097037309e-02
1.813832419399474816e-02
6.767586984715279197e-02
7.792402040903922966e-02
2.432276195403826335e-02
1.545945703943396587e-02
1.322267914985798543e-01
3.293692571267414770e-02
1.389593454484170376e-01
3.863443255392784437e-02
9.275596042496281335e-03
2.147364060104384187e-01
9.552289722038875830e-02
2.061081889728983985e-01
1.199791608770144347e-01
3.748433350290603094e-02
3.073124295491624913e-02
6.728679360046585511e-02
5.813832046817724031e-02
8.490033302583277486e-02
3.418389035086843997e-02
6.358862963082245745e-02
5.126116667866842391e-02
5.873212533298532989e-03
2.638800714208100473e-02
1.397750147182744707e-01
2.338959483591407373e-02
8.517798054141201280e-02
8.322325254212881163e-02
9.999999057737845032e-01
5.404149791069412512e-02
2.894391769284232474e-02
2.657369261853061992e-01
1.259113279548510489e-01
9.194124898781597111e-02
7.770012061722719743e-02
4.359671565612444066e-02
1.045270773234959760e-01
1.090230806943247588e-01
6.823083836980914363e-02
1.554046278631372457e-01
4.235450965020226555e-02
1.699978716197181328e-02
9.211846323981731643e-02
9.981031070381840564e-02
1.768647792886657300e-02
1.081971526830580732e-01
1.499870020086118139e-01
6.659173666781992296e-02
6.452350907266279911e-02
9.481196365968080908e-02
6.961264090511098956e-02
2.932690979962493394e-02
1.963259390308583763e-01
6.907725866425229455e-02
9.486900290730415630e-02
4.321007883966387908e-03
3.777918496867205267e-01
6.372204155512606327e-02
1.627940991836347440e-01
6.534497297619812350e-02
9.157913631495251394e-02
2.640197705372260284e-02
9.215952424875817339e-02
9.828468074877794169e-02
7.392826512542638451e-02
1.576290404254117039e-01
6.242410156190358883e-02
8.750820661565072989e-02
1.080717958655841304e-01
1.648627326153784267e-01
1.625065752590674206e-01
5.522905715978976282e-02
1.160139288588555306e-01
5.699533416087609883e-02
6.546471921177976494e-02
1.176490236827905100e-01
8.273037145750272714e-02
7.465374485919351599e-02
5.404149791069412512e-02
9.999999187974564219e-01
2.308751585968646935e-01
7.815718292601381290e-02
2.095227362724039200e-02
4.732010614307124996e-02
2.523138541735681084e-02
6.323415571993840079e-02
9.866590954870113617e-02
2.996405407554270095e-02
2.752689688910292531e-02
9.722111200191752012e-02
4.196612085315520879e-02
6.312982082979645693e-02
8.590917717774559925e-02
3.740868627425564252e-02
2.082713616478204521e-02
2.031104391066052006e-02
2.568009173539171908e-01
1.865599412625366105e-01
1.284840782599051545e-01
6.631530416238939907e-02
8.912438874727091065e-02
3.866397877133009864e-02
1.882577250365167210e-01
1.656333649545027598e-02
5.512168390776928106e-02
8.767211635119409596e-02
1.535890338017882328e-01
4.646031079301049527e-02
4.853699830923297043e-02
1.070877438679085358e-01
1.253884914490502878e-01
2.561656031413750423e-02
2.520422648147213618e-02
9.438781051471045735e-02
1.710451916713345843e-01
3.555206460504134469e-02
3.195013779803768106e-02
6.584178777086302503e-02
3.305712854409070811e-02
1.026219513300664632e-01
2.691159745561102490e-01
1.472026165870254921e-02
2.131261732047686763e-01
6.174808954971755526e-02
8.259063419750323209e-02
1.369899062170377713e-01
7.483673919249811401e-02
1.943745733682744614e-02
2.894391769284232474e-02
2.308751585968646935e-01
nan
2.200435102747211324e-02
8.171668138461507525e-02
5.664940715404331861e-02
5.229927105397669251e-02
1.456427462458964595e-02
3.207285595089381935e-02
5.952337221674941503e-02
1.721954877494979996e-02
4.576462193696384517e-02
2.321084705366960321e-02
3.593377300990652223e-02
6.102714455678226457e-02
1.563312707729671569e-01
1.424867568005704355e-01
4.651508973989970652e-02
4.284836673213732183e-02
7.877428889088566866e-02
1.945429375647245163e-02
1.040843523560530670e-01
5.444686582767421790e-03
5.277487471551989273e-02
6.186761736518664456e-03
1.068510883528980271e-01
6.246027724125635672e-03
1.121644726373037804e-01
1.746159043136041866e-02
6.807069474651328278e-02
5.130229027207544590e-02
6.082350543930692410e-03
1.299864721306637216e-01
7.811509373814173873e-02
1.460819009307164906e-01
1.039238983837378338e-01
2.082281103290117841e-02
1.457119997823252966e-02
3.216904704542511428e-02
2.071159218111917610e-02
2.437506690621160654e-02
1.998006033731980491e-02
3.157897285351030092e-02
1.230428104472879314e-01
6.006345603391527455e-02
1.114795224019492492e-01
1.694048686550535532e-01
6.065864507791129956e-02
7.517657944819211568e-02
1.586993937261135246e-01
2.657369261853061992e-01
7.815718292601381290e-02
2.200435102747211324e-02
nan
1.503845914957570029e-01
8.689106417911840463e-02
5.327532590754213704e-02
1.477128002493134362e-01
6.044802391189030288e-02
4.511094640268509259e-02
6.449479605137176108e-02
4.192660334879239059e-02
1.076809154754007070e-01
1.406725605708485372e-01
1.038962528175189082e-01
1.340255973584804083e-01
1.818478766364933774e-01
9.739336600829473500e-02
6.440748777736560182e-02
1.527465082784519312e-01
9.276145929615675634e-02
1.109270838536925430e-01
1.498989061267979039e-01
1.343789671084136828e-01
1.491091691892443283e-01
2.480464704794860253e-02
1.222703520963801527e-01
9.045445680817743028e-02
1.598723613298846935e-02
2.395197887585720498e-02
6.086987576025071345e-02
3.548451434954325023e-02
4.039630416366002397e-02
3.042100812760351047e-03
4.924553558886657356e-02
1.199544848855235157e-01
7.895229856210728148e-02
1.685856583629430361e-02
2.191737223181324801e-01
2.780022090668887724e-02
6.538068428779464369e-02
8.193928818542461912e-02
5.762023931067006277e-02
4.455752969737170055e-02
2.293866721246030638e-01
1.696121104865200291e-02
2.794310727832290953e-01
3.696690757548071193e-02
3.557068107510685806e-02
1.492996985993912951e-01
1.259113279548510489e-01
2.095227362724039200e-02
8.171668138461507525e-02
1.503845914957570029e-01
nan
3.866909381431671289e-02
2.005656742666905856e-01
8.740855438234640395e-02
2.473059799601686759e-01
9.780504006050028121e-02
3.207080018795227527e-02
6.153749996577917436e-03
5.190150704319629327e-02
1.382828551639166959e-01
1.260325233144347079e-01
4.683411716253693680e-02
5.669158152208642054e-02
2.498230626957975709e-02
3.444571350998548720e-02
1.082936363739444019e-01
6.894028781915162440e-02
6.083670831387977262e-02
7.105672590760714336e-02
7.610695897796859732e-02
6.371154104160958731e-02
5.359600896923344404e-02
1.830802119381017556e-01
9.474109885056902769e-02
3.390864671352877835e-02
6.437773929444079446e-02
5.874446580717807009e-02
5.001761580696850729e-02
5.100576270731216333e-02
2.299281283939413889e-02
1.354845494165544117e-01
4.614687364537506387e-02
6.601907946932039639e-02
1.166920693970191492e-01
2.907933972025822378e-03
1.404413288960889572e-01
1.405516227475165358e-01
5.056198062607175636e-02
6.456354124611363154e-02
4.735229605068302927e-02
2.357408585506581833e-02
9.493741304020852922e-02
1.189736516664973154e-01
9.259578141275770502e-02
1.940686154176471945e-01
9.057447515085603751e-02
9.194124898781597111e-02
4.732010614307124996e-02
5.664940715404331861e-02
8.689106417911840463e-02
3.866909381431671289e-02
nan
5.531558265295355437e-02
1.991820218108513174e-01
1.665437456941262218e-01
7.285480940042921016e-02
4.283772618504855245e-02
8.336490613833991148e-02
4.303541795193954744e-02
3.771074792015161048e-02
4.474886815922252126e-02
7.760531157168171212e-02
1.384066330170401482e-01
8.224965719244825557e-02
4.308669865907066576e-02
3.889169588188767790e-02
2.880191594363648022e-01
6.084349372349029395e-02
8.767558519377260939e-02
3.493153388066327913e-02
8.701919984792982898e-02
6.633942717914509402e-03
2.681848259927566147e-01
1.004794113300133684e-01
3.767322533487194036e-02
4.092582317481618936e-02
5.870017419587314489e-02
7.013895316891427534e-02
7.506528076635776703e-02
1.137640443002456703e-01
3.529659453476896580e-02
1.208435932635408827e-01
1.021828330009902919e-01
5.776885230905726143e-02
2.151106574608252497e-02
6.194429164754722272e-02
1.011838583337979491e-01
4.148002500557090855e-02
7.379976929115728002e-02
1.559310929441604099e-02
2.368098925549760869e-01
4.716367198237314540e-03
1.341824471737300684e-01
5.735922989670971806e-02
4.423752882223597194e-02
5.629458468178150099e-02
7.770012061722719743e-02
2.523138541735681084e-02
5.229927105397669251e-02
5.327532590754213704e-02
2.005656742666905856e-01
5.531558265295355437e-02
nan
