5.320146666563052573e-02
1.792941981633205950e-01
1.902997357188795924e-02
6.497541993417421669e-02
1.326238260898088273e-01
1.195400813727832690e-01
5.956444504873081858e-02
7.548335562168217994e-02
4.508603160380197927e-02
6.704643149863964702e-02
1.621460286112452742e-01
5.501380658651454647e-01
6.859182176720157731e-02
7.217441311487116096e-02
1.891840926891644736e-01
7.943575492585408515e-02
5.569936503885680734e-01
1.289889813250910677e-02
3.581647676794101898e-01
1.291091479981015810e-01
4.713516236887993482e-02
7.178774057928083430e-02
2.282157758128633418e-01
4.424809917712346774e-02
1.836392095437335836e-01
1.579271871738888722e-01
2.094514120241839361e-01
8.139971340769247554e-02
8.354119589839192894e-02
3.139324190464676256e-02
1.518319564464740701e-01
6.982450175265020320e-02
3.848668253319917909e-01
8.029547827480998379e-02
2.807522896942216128e-02
3.843890899291357854e-02
5.327198888046547065e-02
3.398059817391030357e-02
1.979801743807942938e-01
2.120650723937119730e-01
2.593637578765874974e-01
6.337300333747319936e-02
1.552511556855944441e-01
3.880109967352323164e-01
2.181127044470108078e-01
7.829114809188153501e-02
1.116682004643061443e-01
7.793492176328531418e-02
1.652650777428635864e-01
1.469859029939156736e-01
