9.999999999999998890e-01
3.563731792650641772e-01
4.321981621571173160e-01
2.039808900439487871e-01
2.570700863802536928e-01
2.820239439246519653e-01
1.762659995874663599e-01
5.023015193591779948e-01
2.744528851624937760e-01
1.995440305675998671e-01
3.406941253588713359e-01
1.667837971571831668e-01
2.009059159538395256e-01
2.116441712875145320e-01
2.790013502480999108e-01
2.058806331546374491e-01
4.384508960389550403e-01
3.023534626306374484e-01
2.192876650438778940e-01
2.668320375787075482e-01
3.935262255345161608e-01
2.700974160308739491e-01
1.709347413461808907e-01
2.437013096821546432e-01
2.632636928209023952e-01
1.819692654168282298e-01
2.253407490300544380e-01
2.399842252238101326e-01
1.905514658645585946e-01
3.339742709294680201e-01
3.875243768898066210e-01
6.781856165183096641e-01
3.430979986670512072e-01
3.781851802410540753e-01
3.613211865817829160e-01
2.322860621328715902e-01
1.952161168714504347e-01
4.107388901675529946e-01
2.563510315344363910e-01
4.833001183969580228e-01
2.228948184404389299e-01
3.371177618747535631e-01
3.252138945132228565e-01
2.022187117072637708e-01
2.933648261251705636e-01
2.984019657627012267e-01
1.877350893211602589e-01
4.528875977258153274e-01
4.819543277409366056e-01
4.500652322936799510e-01
